# palette sites: https://lospec.com/palette-list
tableau_10col <- c("#4E79A7", "#F28E2C", "#E15759", "#76B7B2", "#59A14F", "#EDC949", "#AF7AA1", "#FF9DA7", "#9C755F", "#BAB0AB")
